10.000 0
10.294 1
10.588 1
11.029 0
11.324 1
12.353 0
12.647 1
12.941 1
13.382 0
13.676 1
14.706 0
15.000 1
15.294 1
15.735 0
16.029 1
17.059 3
17.647 2
18.235 1
18.824 0
19.412 0
19.706 1
20.000 1
20.441 0
20.735 1
21.765 0
22.059 1
22.353 1
22.794 0
23.088 1
24.265 0
24.559 1
24.853 1
25.147 0
25.441 1
26.471 3
27.059 2
27.647 1
28.235 0
28.824 0
29.412 2
30.000 1
30.588 2
31.176 3
31.765 2
32.353 1
32.941 2
33.529 0
34.118 1
34.706 2
35.294 1
35.882 2
36.471 3
37.059 3
38.235 0
38.824 2
39.412 1
40.000 2
40.588 3
41.176 2
41.765 1
42.353 2
42.941 0
43.529 1
44.118 2
44.706 1
45.294 2
45.882 3
46.471 3
47.647 0
47.941 1
48.235 1
48.676 0
48.971 1
50.000 0
50.294 1
50.588 1
51.029 0
51.324 1
52.353 0
52.647 1
52.941 1
53.382 0
53.676 1
54.706 3
55.294 2
55.882 1
56.471 0
57.059 0
57.353 1
57.647 1
58.088 0
58.382 1
59.412 0
59.706 1
60.000 1
60.441 0
60.735 1
61.765 0
62.059 1
62.353 1
62.794 0
63.088 1
64.118 3
64.706 2
65.294 1
65.882 0
75.882 3
76.471 1
77.059 3
77.647 3
78.235 2
80.000 0
80.588 1
81.176 2
81.765 1
82.353 2